$PARAMETER
__DELTAT   =0.000010
____TMAX   =5.000000
_TCLOSE0__ =9998.0
_TOPEN0___ =9999.0
_TCLOSE1__ =9998.0
_TOPEN1___ =9999.0
_TCLOSE2__ =9998.0
_TOPEN2___ =9999.0
_TCLOSE3__ =  -1.0
_TOPEN3___ =9999.0
_TCLOSE4__ =9998.0
_TOPEN4___ =9999.0
_TCLOSE5__ =9998.0
_TOPEN5___ =9999.0
_TCLOSE6__ =9998.0
_TOPEN6___ =9999.0
PREF0_____ =0.9
DPREF_____ =-0.2
TPREF_____ =4.0
QREF0_____ =0.05
DQREF_____ =0.25
TQREF_____ =994.0
VREF0_____ =1.01
DVREF_____ =0.02
TVREF_____ =994.0
BLANK END PARAMETER
