$PARAMETER
_FLT_='B16__'
__DELTAT   =0.000050
____TMAX   =50.00000
_TFAULTA__ =99.9000
_TFAULTB__ =99.9000
_TFAULTC__ =42.00
_TFAULTBC_ =99.9000
_TOPENA___ =9999.0
_TOPENB___ =9999.0
_TOPENC___ =42.20
_TOPENBC__ =9999.0
BLANK END PARAMETER
