function mpc = IEEE39
mpc.version = "2";
mpc.baseMVA = 100.0;

%% bus data
%	bus_i type Pd Qd Gs Bs area Vm Va baseKV zone Vmax Vmin
mpc.bus = [
     1  1     0.000     0.000     0.000     0.000   1  1.0000  0.0000 345.000   1  1.100  0.900;
     2  1     0.000     0.000     0.000     0.000   1  1.0000  0.0000 345.000   1  1.100  0.900;
     3  1     0.000     0.000   322.000    -2.400   1  1.0000  0.0000 345.000   1  1.100  0.900;
     4  1     0.000     0.000   500.000  -184.000   1  1.0000  0.0000 345.000   1  1.100  0.900;
     5  1     0.000     0.000     0.000     0.000   1  1.0000  0.0000 345.000   1  1.100  0.900;
     6  1     0.000     0.000     0.000     0.000   1  1.0000  0.0000 345.000   1  1.100  0.900;
     7  1     0.000     0.000   233.800   -84.000   1  1.0000  0.0000 345.000   1  1.100  0.900;
     8  1     0.000     0.000   522.000  -176.000   1  1.0000  0.0000 345.000   1  1.100  0.900;
     9  1     0.000     0.000     0.000     0.000   1  1.0000  0.0000 345.000   1  1.100  0.900;
    10  1     0.000     0.000     0.000     0.000   1  1.0000  0.0000 345.000   1  1.100  0.900;
    11  1     0.000     0.000     0.000     0.000   1  1.0000  0.0000 345.000   1  1.100  0.900;
    12  1     0.000     0.000     7.500   -88.000   1  1.0000  0.0000 154.000   1  1.100  0.900;
    13  1     0.000     0.000     0.000     0.000   1  1.0000  0.0000 345.000   1  1.100  0.900;
    14  1     0.000     0.000     0.000     0.000   1  1.0000  0.0000 345.000   1  1.100  0.900;
    15  1     0.000     0.000   320.000  -153.000   1  1.0000  0.0000 345.000   1  1.100  0.900;
    16  1     0.000     0.000   329.400   -32.300   1  1.0000  0.0000 345.000   1  1.100  0.900;
    17  1     0.000     0.000     0.000     0.000   1  1.0000  0.0000 345.000   1  1.100  0.900;
    18  1     0.000     0.000   158.000   -30.000   1  1.0000  0.0000 345.000   1  1.100  0.900;
    19  1     0.000     0.000     0.000     0.000   1  1.0000  0.0000 345.000   1  1.100  0.900;
    20  1     0.000     0.000   628.000  -103.000   1  1.0000  0.0000 345.000   1  1.100  0.900;
    21  1     0.000     0.000   274.000  -115.000   1  1.0000  0.0000 345.000   1  1.100  0.900;
    22  1     0.000     0.000     0.000     0.000   1  1.0000  0.0000 345.000   1  1.100  0.900;
    23  1     0.000     0.000   247.500   -84.600   1  1.0000  0.0000 345.000   1  1.100  0.900;
    24  1     0.000     0.000   308.600    92.200   1  1.0000  0.0000 345.000   1  1.100  0.900;
    25  1     0.000     0.000   224.000   -47.200   1  1.0000  0.0000 345.000   1  1.100  0.900;
    26  1     0.000     0.000   139.000   -17.000   1  1.0000  0.0000 345.000   1  1.100  0.900;
    27  1     0.000     0.000   281.000   -75.500   1  1.0000  0.0000 345.000   1  1.100  0.900;
    28  1     0.000     0.000   206.000   -27.600   1  1.0000  0.0000 345.000   1  1.100  0.900;
    29  1     0.000     0.000   283.500   -26.900   1  1.0000  0.0000 345.000   1  1.100  0.900;
    30  2     0.000     0.000     0.000     0.000   1  1.0000  0.0000  22.000   1  1.100  0.900;
    31  3     0.000     0.000     9.200    -4.600   1  1.0000  0.0000  22.000   1  1.100  0.900;
    32  2     0.000     0.000     0.000     0.000   1  1.0000  0.0000  22.000   1  1.100  0.900;
    33  2     0.000     0.000     0.000     0.000   1  1.0000  0.0000  22.000   1  1.100  0.900;
    34  2     0.000     0.000     0.000     0.000   1  1.0000  0.0000  22.000   1  1.100  0.900;
    35  2     0.000     0.000     0.000     0.000   1  1.0000  0.0000  22.000   1  1.100  0.900;
    36  2     0.000     0.000     0.000     0.000   1  1.0000  0.0000  22.000   1  1.100  0.900;
    37  2     0.000     0.000     0.000     0.000   1  1.0000  0.0000  22.000   1  1.100  0.900;
    38  2     0.000     0.000     0.000     0.000   1  1.0000  0.0000  22.000   1  1.100  0.900;
    39  2     0.000     0.000  1104.000  -250.000   1  1.0000  0.0000 345.000   1  1.100  0.900;
];

%% generator data - SyncMachine+Solar+Wind
%	bus Pg Qg Qmax Qmin Vg mBase status Pmax Pmin Pc1 Pc2 Qc1min Qc1max Qc2min Qc2max ramp_agc ramp_10 ramp_30 ramp_q apf
mpc.gen = [
    31  521.222  195.458  190.442 -190.442 1.0000  610.000 1  610.000    0.000 0.0 0.0 0.0 0.0 0.0 0.0 0.0 0.0 0.0 0.0 0.0;
    32  650.000  206.331  300.000 -224.784 1.0000  720.000 1  720.000    0.000 0.0 0.0 0.0 0.0 0.0 0.0 0.0 0.0 0.0 0.0 0.0;
    33  632.000  110.112  250.000 -218.540 1.0000  700.000 1  700.000    0.000 0.0 0.0 0.0 0.0 0.0 0.0 0.0 0.0 0.0 0.0 0.0;
    34  508.000  165.859  167.000 -174.832 1.0000  560.000 1  560.000    0.000 0.0 0.0 0.0 0.0 0.0 0.0 0.0 0.0 0.0 0.0 0.0;
    35  650.000  212.642  300.000 -100.000 1.0000  720.000 1  720.000    0.000 0.0 0.0 0.0 0.0 0.0 0.0 0.0 0.0 0.0 0.0 0.0;
    36  560.000  101.306  240.000 -190.442 1.0000  610.000 1  610.000    0.000 0.0 0.0 0.0 0.0 0.0 0.0 0.0 0.0 0.0 0.0 0.0;
    37  540.000    0.622  250.000 -187.320 1.0000  600.000 1  600.000    0.000 0.0 0.0 0.0 0.0 0.0 0.0 0.0 0.0 0.0 0.0 0.0;
    38  830.000   22.960  300.000 -287.224 1.0000  920.000 1  920.000    0.000 0.0 0.0 0.0 0.0 0.0 0.0 0.0 0.0 0.0 0.0 0.0;
    39 1000.000   88.985 9999.000 -9999.000 1.0000 10000.000 1 10000.000    0.000 0.0 0.0 0.0 0.0 0.0 0.0 0.0 0.0 0.0 0.0 0.0;
    30  250.000  146.456  400.000 -480.000 1.0000  480.000 1  480.000    0.000 0.0 0.0 0.0 0.0 0.0 0.0 0.0 0.0 0.0 0.0 0.0;
];

%% branch data - BESLine+BESCompSeries+collected transformers
%	fbus tbus r x b rateA rateB rateC ratio angle status angmin angmax
