function mpc = IEEE118
mpc.version = "2";
mpc.baseMVA = 100.0;

%% bus data
%	bus_i type Pd Qd Gs Bs area Vm Va baseKV zone Vmax Vmin
mpc.bus = [
     1  1     0.000     0.000    34.415   -18.220   1  1.0000  0.0000 138.000   1  1.100  0.900;
     2  1     0.000     0.000    13.496    -6.073   1  1.0000  0.0000 138.000   1  1.100  0.900;
     3  1     0.000     0.000    26.317    -6.748   1  1.0000  0.0000 138.000   1  1.100  0.900;
     4  1     0.000     0.000    26.317    -8.098   1  1.0000  0.0000 138.000   1  1.100  0.900;
     5  1     0.000     0.000     0.000   -40.000   1  1.0000  0.0000 138.000   1  1.100  0.900;
     6  1     0.000     0.000    35.090   -14.846   1  1.0000  0.0000 138.000   1  1.100  0.900;
     7  1     0.000     0.000    12.821    -1.350   1  1.0000  0.0000 138.000   1  1.100  0.900;
     8  1     0.000     0.000    18.894     0.000   1  1.0000  0.0000 345.000   1  1.100  0.900;
     9  1     0.000     0.000     0.000     0.000   1  1.0000  0.0000 345.000   1  1.100  0.900;
    10  1     0.000     0.000     0.000     0.000   1  1.0000  0.0000 345.000   1  1.100  0.900;
    11  1     0.000     0.000    47.236   -15.520   1  1.0000  0.0000 138.000   1  1.100  0.900;
    12  1     0.000     0.000    31.716    -6.748   1  1.0000  0.0000 138.000   1  1.100  0.900;
    13  1     0.000     0.000    22.943   -10.797   1  1.0000  0.0000 138.000   1  1.100  0.900;
    14  1     0.000     0.000     9.447    -0.675   1  1.0000  0.0000 138.000   1  1.100  0.900;
    15  1     0.000     0.000    60.732   -20.244   1  1.0000  0.0000 138.000   1  1.100  0.900;
    16  1     0.000     0.000    16.870    -6.748   1  1.0000  0.0000 138.000   1  1.100  0.900;
    17  1     0.000     0.000     7.423    -2.024   1  1.0000  0.0000 138.000   1  1.100  0.900;
    18  1     0.000     0.000    40.488   -22.943   1  1.0000  0.0000 138.000   1  1.100  0.900;
    19  1     0.000     0.000    30.366   -16.870   1  1.0000  0.0000 138.000   1  1.100  0.900;
    20  1     0.000     0.000    12.146    -2.024   1  1.0000  0.0000 138.000   1  1.100  0.900;
    21  1     0.000     0.000     9.447    -5.398   1  1.0000  0.0000 138.000   1  1.100  0.900;
    22  1     0.000     0.000     6.748    -3.374   1  1.0000  0.0000 138.000   1  1.100  0.900;
    23  1     0.000     0.000     4.724    -2.024   1  1.0000  0.0000 138.000   1  1.100  0.900;
    24  1     0.000     0.000     8.772     0.000   1  1.0000  0.0000 138.000   1  1.100  0.900;
    25  1     0.000     0.000     0.000     0.000   1  1.0000  0.0000 138.000   1  1.100  0.900;
    26  1     0.000     0.000     0.000     0.000   1  1.0000  0.0000 345.000   1  1.100  0.900;
    27  1     0.000     0.000    47.911    -8.772   1  1.0000  0.0000 138.000   1  1.100  0.900;
    28  1     0.000     0.000    11.472    -4.724   1  1.0000  0.0000 138.000   1  1.100  0.900;
    29  1     0.000     0.000    16.195    -2.699   1  1.0000  0.0000 138.000   1  1.100  0.900;
    30  1     0.000     0.000     0.000     0.000   1  1.0000  0.0000 345.000   1  1.100  0.900;
    31  1     0.000     0.000    29.016   -18.220   1  1.0000  0.0000 138.000   1  1.100  0.900;
    32  1     0.000     0.000    39.813   -15.520   1  1.0000  0.0000 138.000   1  1.100  0.900;
    33  1     0.000     0.000    15.520    -6.073   1  1.0000  0.0000 138.000   1  1.100  0.900;
    34  1     0.000     0.000    39.813    -3.545   1  1.0000  0.0000 138.000   1  1.100  0.900;
    35  1     0.000     0.000    22.268    -6.073   1  1.0000  0.0000 138.000   1  1.100  0.900;
    36  1     0.000     0.000    20.919   -11.472   1  1.0000  0.0000 138.000   1  1.100  0.900;
    37  1     0.000     0.000     0.000   -25.000   1  1.0000  0.0000 138.000   1  1.100  0.900;
    38  1     0.000     0.000     0.000     0.000   1  1.0000  0.0000 345.000   1  1.100  0.900;
    39  1     0.000     0.000    18.220    -7.423   1  1.0000  0.0000 138.000   1  1.100  0.900;
    40  1     0.000     0.000    44.537   -15.520   1  1.0000  0.0000 138.000   1  1.100  0.900;
    41  1     0.000     0.000    24.968    -6.748   1  1.0000  0.0000 138.000   1  1.100  0.900;
    42  1     0.000     0.000    64.781   -15.520   1  1.0000  0.0000 138.000   1  1.100  0.900;
    43  1     0.000     0.000    12.146    -4.724   1  1.0000  0.0000 138.000   1  1.100  0.900;
    44  1     0.000     0.000    10.797     4.602   1  1.0000  0.0000 138.000   1  1.100  0.900;
    45  1     0.000     0.000    35.764    -4.846   1  1.0000  0.0000 138.000   1  1.100  0.900;
    46  1     0.000     0.000    18.894     3.252   1  1.0000  0.0000 138.000   1  1.100  0.900;
    47  1     0.000     0.000    22.943     0.000   1  1.0000  0.0000 138.000   1  1.100  0.900;
    48  1     0.000     0.000    13.496     7.577   1  1.0000  0.0000 138.000   1  1.100  0.900;
    49  1     0.000     0.000    58.708   -20.244   1  1.0000  0.0000 138.000   1  1.100  0.900;
    50  1     0.000     0.000    11.472    -2.699   1  1.0000  0.0000 138.000   1  1.100  0.900;
    51  1     0.000     0.000    11.472    -5.398   1  1.0000  0.0000 138.000   1  1.100  0.900;
    52  1     0.000     0.000    12.146    -3.374   1  1.0000  0.0000 138.000   1  1.100  0.900;
    53  1     0.000     0.000    15.520    -7.423   1  1.0000  0.0000 138.000   1  1.100  0.900;
    54  1     0.000     0.000    76.252   -21.594   1  1.0000  0.0000 138.000   1  1.100  0.900;
    55  1     0.000     0.000    42.512   -14.846   1  1.0000  0.0000 138.000   1  1.100  0.900;
    56  1     0.000     0.000    56.683   -12.146   1  1.0000  0.0000 138.000   1  1.100  0.900;
    57  1     0.000     0.000     8.098    -2.024   1  1.0000  0.0000 138.000   1  1.100  0.900;
    58  1     0.000     0.000     8.098    -2.024   1  1.0000  0.0000 138.000   1  1.100  0.900;
    59  1     0.000     0.000   186.920   -76.252   1  1.0000  0.0000 138.000   1  1.100  0.900;
    60  1     0.000     0.000    52.634    -2.024   1  1.0000  0.0000 138.000   1  1.100  0.900;
    61  1     0.000     0.000     0.000     0.000   1  1.0000  0.0000 138.000   1  1.100  0.900;
    62  1     0.000     0.000    51.960    -9.447   1  1.0000  0.0000 138.000   1  1.100  0.900;
    63  1     0.000     0.000     0.000     0.000   1  1.0000  0.0000 345.000   1  1.100  0.900;
    64  1     0.000     0.000     0.000     0.000   1  1.0000  0.0000 345.000   1  1.100  0.900;
    65  1     0.000     0.000     0.000     0.000   1  1.0000  0.0000 345.000   1  1.100  0.900;
    66  1     0.000     0.000    26.317   -12.146   1  1.0000  0.0000 138.000   1  1.100  0.900;
    67  1     0.000     0.000    18.894    -4.724   1  1.0000  0.0000 138.000   1  1.100  0.900;
    68  1     0.000     0.000     0.000     0.000   1  1.0000  0.0000 345.000   1  1.100  0.900;
    69  1     0.000     0.000     0.000     0.000   1  1.0000  0.0000 138.000   1  1.100  0.900;
    70  1     0.000     0.000    44.537   -13.496   1  1.0000  0.0000 138.000   1  1.100  0.900;
    71  1     0.000     0.000     0.000     0.000   1  1.0000  0.0000 138.000   1  1.100  0.900;
    72  1     0.000     0.000     8.098     0.000   1  1.0000  0.0000 138.000   1  1.100  0.900;
    73  1     0.000     0.000     4.049     0.000   1  1.0000  0.0000 138.000   1  1.100  0.900;
    74  1     0.000     0.000    45.886    -6.220   1  1.0000  0.0000 138.000   1  1.100  0.900;
    75  1     0.000     0.000    31.716    -7.423   1  1.0000  0.0000 138.000   1  1.100  0.900;
    76  1     0.000     0.000    45.886   -24.293   1  1.0000  0.0000 138.000   1  1.100  0.900;
    77  1     0.000     0.000    41.163   -18.894   1  1.0000  0.0000 138.000   1  1.100  0.900;
    78  1     0.000     0.000    47.911   -17.545   1  1.0000  0.0000 138.000   1  1.100  0.900;
    79  1     0.000     0.000    26.317    -1.594   1  1.0000  0.0000 138.000   1  1.100  0.900;
    80  1     0.000     0.000    87.724   -17.545   1  1.0000  0.0000 138.000   1  1.100  0.900;
